Channel	Counts
0	0
1	0
2	0
3	0
4	0
5	0
6	0
7	0
8	0
9	0
10	0
11	0
12	1
13	0
14	0
15	1
16	0
17	2008
18	3534
19	3783
20	3920
21	4033
22	4441
23	4946
24	5509
25	5923
26	5977
27	5875
28	5480
29	4912
30	4627
31	4537
32	4326
33	4016
34	3743
35	3595
36	3495
37	3394
38	3316
39	3332
40	3298
41	3376
42	3255
43	3427
44	3428
45	3366
46	3368
47	3355
48	3487
49	3436
50	3474
51	3444
52	3557
53	3552
54	3440
55	3409
56	3462
57	3465
58	3554
59	3447
60	3561
61	3566
62	3632
63	3750
64	3818
65	3890
66	4155
67	4215
68	4370
69	4516
70	4500
71	4483
72	4625
73	4756
74	4752
75	4868
76	4751
77	4647
78	4818
79	4770
80	4903
81	4860
82	4743
83	4887
84	4906
85	4744
86	4709
87	4597
88	4777
89	4759
90	4834
91	4582
92	4671
93	4548
94	4599
95	4436
96	4403
97	4387
98	4307
99	4283
100	4238
101	4172
102	4303
103	4055
104	4177
105	4178
106	3960
107	4130
108	3997
109	4082
110	3934
111	3846
112	3970
113	4046
114	3866
115	4012
116	3900
117	3978
118	3935
119	3725
120	3987
121	3918
122	3936
123	3801
124	3861
125	3723
126	3716
127	3655
128	3764
129	3650
130	3401
131	3342
132	3214
133	3079
134	2882
135	2634
136	2622
137	2507
138	2391
139	2236
140	2104
141	1918
142	1900
143	1750
144	1754
145	1676
146	1657
147	1613
148	1496
149	1467
150	1468
151	1430
152	1375
153	1337
154	1304
155	1278
156	1282
157	1294
158	1226
159	1175
160	1219
161	1161
162	1093
163	1106
164	1063
165	1085
166	1098
167	1065
168	1054
169	1056
170	1055
171	1084
172	1073
173	1103
174	1060
175	1146
176	1173
177	1123
178	1264
179	1269
180	1411
181	1496
182	1723
183	1845
184	2154
185	2508
186	2962
187	3657
188	4307
189	5229
190	6249
191	7321
192	8725
193	10245
194	11645
195	13205
196	14289
197	15543
198	16760
199	17220
200	17786
201	17360
202	17250
203	16469
204	15121
205	13949
206	12303
207	10779
208	9032
209	7775
210	6443
211	5248
212	4263
213	3434
214	2736
215	2285
216	1977
217	1654
218	1375
219	1266
220	1178
221	995
222	993
223	848
224	816
225	762
226	694
227	729
228	688
229	663
230	660
231	637
232	643
233	597
234	599
235	645
236	618
237	649
238	608
239	585
240	591
241	553
242	582
243	570
244	632
245	635
246	586
247	588
248	637
249	613
250	573
251	611
252	673
253	613
254	577
255	627
256	667
257	606
258	646
259	660
260	651
261	631
262	629
263	596
264	619
265	606
266	599
267	588
268	610
269	616
270	630
271	628
272	634
273	619
274	635
275	597
276	643
277	631
278	696
279	635
280	672
281	582
282	619
283	644
284	617
285	672
286	625
287	635
288	684
289	699
290	673
291	702
292	657
293	646
294	656
295	692
296	668
297	692
298	664
299	689
300	686
301	659
302	660
303	698
304	687
305	707
306	667
307	699
308	695
309	700
310	775
311	739
312	698
313	765
314	758
315	706
316	801
317	722
318	735
319	723
320	749
321	730
322	779
323	776
324	788
325	752
326	761
327	717
328	760
329	817
330	770
331	807
332	836
333	821
334	800
335	805
336	822
337	836
338	862
339	873
340	834
341	878
342	885
343	843
344	875
345	852
346	861
347	940
348	906
349	954
350	908
351	889
352	896
353	887
354	903
355	828
356	864
357	804
358	797
359	767
360	707
361	714
362	699
363	643
364	657
365	568
366	526
367	531
368	515
369	476
370	444
371	405
372	404
373	359
374	392
375	354
376	309
377	314
378	274
379	274
380	256
381	221
382	218
383	233
384	225
385	183
386	213
387	175
388	199
389	208
390	171
391	171
392	191
393	186
394	191
395	192
396	181
397	197
398	202
399	194
400	241
401	283
402	301
403	343
404	380
405	399
406	519
407	599
408	702
409	808
410	946
411	1163
412	1285
413	1452
414	1613
415	1745
416	1852
417	2136
418	2170
419	2310
420	2335
421	2364
422	2436
423	2386
424	2309
425	2152
426	2032
427	1912
428	1607
429	1538
430	1286
431	1237
432	1093
433	905
434	718
435	641
436	517
437	456
438	423
439	324
440	299
441	213
442	244
443	218
444	191
445	174
446	149
447	152
448	130
449	138
450	123
451	123
452	95
453	103
454	102
455	77
456	99
457	94
458	82
459	78
460	63
461	68
462	72
463	54
464	51
465	70
466	56
467	50
468	65
469	60
470	59
471	51
472	53
473	55
474	56
475	58
476	61
477	43
478	45
479	45
480	41
481	43
482	45
483	36
484	54
485	40
486	39
487	43
488	51
489	40
490	40
491	52
492	40
493	24
494	39
495	28
496	30
497	37
498	35
499	30
500	35
501	28
502	24
503	21
504	27
505	20
506	29
507	12
508	13
509	15
510	14
511	8
512	16
513	14
514	11
515	16
516	10
517	17
518	9
519	21
520	13
521	13
522	31
523	23
524	24
525	20
526	28
527	22
528	29
529	30
530	40
531	35
532	45
533	44
534	52
535	49
536	44
537	51
538	55
539	46
540	51
541	50
542	40
543	37
544	35
545	41
546	26
547	25
548	22
549	17
550	15
551	17
552	17
553	13
554	8
555	6
556	8
557	7
558	9
559	3
560	4
561	4
562	4
563	5
564	5
565	5
566	9
567	6
568	3
569	4
570	4
571	6
572	5
573	5
574	3
575	3
576	8
577	6
578	5
579	2
580	2
581	5
582	6
583	3
584	2
585	6
586	1
587	4
588	3
589	4
590	4
591	4
592	4
593	5
594	3
595	3
596	2
597	3
598	2
599	1
600	3
601	3
602	3
603	4
604	2
605	0
606	1
607	2
608	3
609	2
610	5
611	2
612	5
613	1
614	3
615	4
616	1
617	2
618	1
619	3
620	2
621	1
622	3
623	3
624	1
625	0
626	4
627	3
628	5
629	1
630	4
631	4
632	1
633	4
634	2
635	1
636	1
637	4
638	0
639	0
640	4
641	0
642	1
643	2
644	0
645	1
646	0
647	1
648	1
649	1
650	1
651	0
652	0
653	4
654	1
655	2
656	0
657	1
658	0
659	0
660	1
661	1
662	0
663	1
664	2
665	2
666	3
667	2
668	3
669	1
670	1
671	2
672	1
673	2
674	1
675	3
676	4
677	2
678	2
679	2
680	1
681	1
682	0
683	4
684	6
685	3
686	1
687	2
688	0
689	1
690	3
691	0
692	3
693	1
694	1
695	3
696	0
697	0
698	0
699	0
700	2
701	1
702	1
703	1
704	1
705	1
706	1
707	1
708	0
709	1
710	0
711	0
712	0
713	0
714	0
715	1
716	1
717	0
718	0
719	0
720	0
721	0
722	1
723	0
724	0
725	0
726	0
727	0
728	0
729	0
730	0
731	1
732	0
733	0
734	0
735	0
736	0
737	0
738	0
739	0
740	0
741	0
742	0
743	0
744	0
745	0
746	0
747	0
748	0
749	1
750	0
751	1
752	0
753	0
754	0
755	1
756	1
757	0
758	1
759	0
760	0
761	0
762	0
763	0
764	1
765	0
766	0
767	0
768	0
769	1
770	0
771	0
772	1
773	0
774	0
775	0
776	0
777	0
778	1
779	0
780	1
781	0
782	0
783	1
784	0
785	0
786	0
787	0
788	0
789	0
790	1
791	0
792	1
793	0
794	0
795	0
796	0
797	1
798	0
799	0
800	0
801	0
802	0
803	0
804	0
805	0
806	0
807	0
808	1
809	0
810	0
811	0
812	0
813	0
814	0
815	0
816	0
817	0
818	0
819	0
820	0
821	0
822	0
823	0
824	0
825	0
826	0
827	0
828	0
829	0
830	0
831	1
832	1
833	0
834	0
835	0
836	1
837	0
838	0
839	0
840	1
841	2
842	0
843	0
844	0
845	0
846	0
847	0
848	0
849	0
850	0
851	0
852	0
853	0
854	0
855	0
856	0
857	0
858	0
859	0
860	0
861	0
862	1
863	0
864	0
865	0
866	0
867	0
868	0
869	0
870	0
871	0
872	0
873	0
874	0
875	0
876	0
877	0
878	0
879	0
880	0
881	1
882	1
883	1
884	0
885	0
886	0
887	0
888	0
889	0
890	0
891	0
892	0
893	1
894	0
895	0
896	0
897	0
898	0
899	1
900	0
901	1
902	0
903	1
904	0
905	0
906	1
907	0
908	0
909	0
910	0
911	0
912	0
913	0
914	0
915	0
916	0
917	0
918	0
919	0
920	0
921	0
922	0
923	0
924	0
925	0
926	0
927	1
928	1
929	1
930	0
931	0
932	0
933	0
934	0
935	0
936	0
937	0
938	0
939	0
940	1
941	0
942	0
943	0
944	0
945	0
946	0
947	0
948	0
949	1
950	0
951	0
952	0
953	1
954	0
955	0
956	0
957	0
958	0
959	0
960	0
961	0
962	0
963	0
964	2
965	0
966	1
967	0
968	0
969	0
970	0
971	0
972	0
973	0
974	0
975	0
976	0
977	0
978	1
979	0
980	0
981	0
982	0
983	0
984	0
985	0
986	0
987	0
988	1
989	1
990	1
991	0
992	0
993	0
994	0
995	0
996	0
997	0
998	0
999	0
1000	0
1001	0
1002	0
1003	0
1004	0
1005	0
1006	0
1007	0
1008	1
1009	0
1010	0
1011	2
1012	0
1013	0
1014	0
1015	0
1016	0
1017	0
1018	0
1019	0
1020	0
1021	0
1022	0
1023	0
