Channel		Counts
0		0
1		0
2		0
3		0
4		0
5		0
6		0
7		0
8		0
9		0
10		0
11		0
12		0
13		0
14		0
15		0
16		0
17		438
18		984
19		1099
20		1177
21		1361
22		1399
23		1498
24		1668
25		1776
26		1749
27		1797
28		1671
29		1661
30		1537
31		1530
32		1503
33		1470
34		1432
35		1362
36		1264
37		1298
38		1199
39		1278
40		1232
41		1241
42		1316
43		1250
44		1205
45		1226
46		1210
47		1217
48		1201
49		1183
50		1226
51		1161
52		1160
53		1098
54		1166
55		1153
56		1067
57		1113
58		1109
59		1123
60		1118
61		1060
62		1071
63		971
64		1037
65		1078
66		1000
67		1042
68		944
69		902
70		993
71		989
72		927
73		982
74		950
75		1015
76		992
77		1015
78		951
79		966
80		1006
81		1044
82		1041
83		1045
84		1028
85		1008
86		1012
87		1003
88		1006
89		954
90		944
91		975
92		983
93		959
94		948
95		938
96		974
97		919
98		940
99		966
100		933
101		931
102		888
103		886
104		884
105		936
106		810
107		794
108		805
109		890
110		762
111		831
112		789
113		811
114		790
115		720
116		782
117		752
118		715
119		770
120		736
121		748
122		713
123		682
124		679
125		683
126		715
127		704
128		642
129		650
130		669
131		635
132		667
133		671
134		656
135		706
136		630
137		618
138		589
139		592
140		623
141		627
142		593
143		575
144		603
145		606
146		570
147		587
148		569
149		590
150		579
151		530
152		538
153		561
154		546
155		588
156		538
157		552
158		546
159		569
160		536
161		517
162		575
163		590
164		547
165		490
166		554
167		505
168		551
169		453
170		512
171		506
172		527
173		519
174		535
175		486
176		503
177		501
178		514
179		514
180		518
181		533
182		552
183		528
184		549
185		540
186		534
187		568
188		529
189		552
190		556
191		574
192		514
193		543
194		530
195		502
196		513
197		538
198		578
199		583
200		588
201		586
202		579
203		569
204		580
205		582
206		610
207		507
208		618
209		574
210		552
211		538
212		583
213		569
214		580
215		544
216		578
217		551
218		591
219		587
220		567
221		560
222		567
223		552
224		611
225		631
226		599
227		589
228		576
229		619
230		558
231		558
232		527
233		545
234		533
235		483
236		491
237		436
238		452
239		416
240		384
241		373
242		361
243		367
244		285
245		299
246		270
247		250
248		229
249		228
250		192
251		221
252		194
253		187
254		153
255		162
256		159
257		156
258		163
259		133
260		149
261		121
262		142
263		113
264		120
265		147
266		134
267		124
268		117
269		128
270		122
271		117
272		103
273		115
274		134
275		119
276		123
277		144
278		117
279		137
280		156
281		175
282		169
283		182
284		187
285		204
286		273
287		284
288		309
289		436
290		446
291		558
292		664
293		751
294		850
295		1073
296		1126
297		1269
298		1492
299		1594
300		1703
301		1842
302		1916
303		2019
304		1969
305		2127
306		1904
307		1978
308		1801
309		1650
310		1609
311		1387
312		1234
313		1045
314		935
315		808
316		710
317		579
318		425
319		361
320		316
321		273
322		229
323		217
324		181
325		168
326		143
327		116
328		129
329		121
330		108
331		97
332		75
333		79
334		74
335		60
336		63
337		50
338		57
339		45
340		41
341		52
342		56
343		45
344		41
345		40
346		51
347		34
348		33
349		31
350		35
351		42
352		31
353		18
354		35
355		30
356		27
357		35
358		43
359		25
360		38
361		19
362		16
363		38
364		38
365		42
366		31
367		33
368		34
369		33
370		28
371		29
372		39
373		37
374		38
375		38
376		35
377		28
378		33
379		26
380		33
381		30
382		32
383		41
384		32
385		42
386		48
387		32
388		35
389		31
390		36
391		28
392		40
393		28
394		29
395		25
396		23
397		24
398		36
399		40
400		23
401		31
402		28
403		28
404		27
405		34
406		32
407		32
408		32
409		32
410		18
411		21
412		32
413		20
414		27
415		29
416		25
417		26
418		29
419		24
420		28
421		28
422		25
423		26
424		27
425		21
426		21
427		28
428		22
429		22
430		26
431		19
432		14
433		26
434		17
435		20
436		8
437		21
438		17
439		26
440		19
441		10
442		15
443		11
444		18
445		25
446		18
447		15
448		25
449		23
450		20
451		21
452		36
453		20
454		24
455		28
456		28
457		35
458		35
459		31
460		36
461		32
462		43
463		35
464		29
465		38
466		40
467		43
468		39
469		35
470		23
471		36
472		26
473		24
474		22
475		17
476		15
477		23
478		15
479		16
480		19
481		20
482		18
483		22
484		16
485		18
486		17
487		16
488		13
489		14
490		20
491		13
492		12
493		9
494		10
495		10
496		9
497		7
498		8
499		8
500		17
501		10
502		10
503		11
504		7
505		12
506		11
507		14
508		6
509		10
510		17
511		10
512		4
513		12
514		5
515		11
516		9
517		6
518		10
519		14
520		7
521		16
522		14
523		16
524		15
525		6
526		11
527		14
528		11
529		12
530		13
531		21
532		10
533		10
534		6
535		6
536		8
537		6
538		4
539		9
540		8
541		9
542		3
543		5
544		10
545		10
546		2
547		7
548		8
549		10
550		6
551		10
552		2
553		5
554		5
555		8
556		12
557		5
558		9
559		8
560		9
561		5
562		5
563		6
564		4
565		5
566		4
567		15
568		4
569		9
570		3
571		4
572		8
573		9
574		6
575		6
576		8
577		2
578		5
579		11
580		8
581		2
582		7
583		5
584		2
585		8
586		4
587		9
588		2
589		4
590		8
591		7
592		9
593		5
594		2
595		13
596		7
597		11
598		8
599		7
600		6
601		5
602		8
603		4
604		8
605		4
606		5
607		5
608		6
609		8
610		7
611		5
612		8
613		10
614		7
615		4
616		11
617		14
618		7
619		7
620		5
621		3
622		10
623		4
624		7
625		9
626		4
627		7
628		10
629		6
630		6
631		11
632		4
633		1
634		3
635		4
636		5
637		5
638		5
639		1
640		7
641		2
642		1
643		4
644		2
645		2
646		2
647		3
648		7
649		4
650		4
651		1
652		2
653		1
654		2
655		3
656		3
657		2
658		3
659		3
660		3
661		1
662		2
663		3
664		4
665		2
666		6
667		2
668		0
669		2
670		6
671		9
672		6
673		6
674		4
675		5
676		3
677		10
678		7
679		6
680		9
681		6
682		8
683		7
684		5
685		3
686		10
687		6
688		2
689		5
690		2
691		4
692		2
693		2
694		0
695		1
696		0
697		1
698		1
699		1
700		0
701		2
702		0
703		1
704		1
705		0
706		1
707		4
708		0
709		1
710		2
711		0
712		2
713		0
714		1
715		0
716		0
717		0
718		0
719		0
720		1
721		1
722		0
723		1
724		0
725		1
726		0
727		1
728		0
729		0
730		0
731		0
732		1
733		0
734		0
735		0
736		0
737		1
738		1
739		1
740		1
741		2
742		0
743		0
744		0
745		0
746		1
747		1
748		0
749		0
750		0
751		1
752		1
753		0
754		0
755		1
756		0
757		2
758		0
759		0
760		0
761		0
762		0
763		0
764		0
765		2
766		2
767		2
768		0
769		0
770		1
771		0
772		0
773		1
774		0
775		0
776		0
777		0
778		0
779		0
780		0
781		0
782		1
783		0
784		0
785		0
786		0
787		0
788		0
789		0
790		0
791		0
792		0
793		1
794		1
795		0
796		1
797		0
798		0
799		1
800		3
801		0
802		0
803		1
804		1
805		0
806		0
807		1
808		0
809		1
810		0
811		0
812		0
813		0
814		0
815		1
816		1
817		0
818		1
819		0
820		0
821		2
822		0
823		0
824		1
825		0
826		0
827		1
828		1
829		0
830		1
831		0
832		0
833		1
834		0
835		1
836		0
837		0
838		0
839		1
840		0
841		0
842		0
843		0
844		0
845		0
846		1
847		1
848		0
849		0
850		0
851		1
852		0
853		0
854		1
855		0
856		0
857		1
858		0
859		0
860		0
861		1
862		0
863		0
864		1
865		0
866		1
867		0
868		0
869		0
870		1
871		1
872		1
873		0
874		0
875		0
876		0
877		0
878		1
879		0
880		1
881		0
882		0
883		0
884		0
885		0
886		0
887		1
888		0
889		0
890		0
891		0
892		0
893		0
894		0
895		2
896		0
897		0
898		1
899		0
900		0
901		0
902		0
903		0
904		0
905		0
906		0
907		0
908		1
909		1
910		1
911		0
912		0
913		1
914		0
915		0
916		0
917		1
918		0
919		2
920		1
921		0
922		0
923		0
924		0
925		0
926		0
927		1
928		0
929		1
930		0
931		0
932		0
933		1
934		0
935		0
936		0
937		0
938		0
939		1
940		1
941		1
942		1
943		0
944		1
945		0
946		0
947		0
948		0
949		0
950		0
951		1
952		0
953		0
954		0
955		0
956		0
957		0
958		0
959		0
960		1
961		0
962		0
963		1
964		0
965		2
966		0
967		0
968		1
969		2
970		1
971		0
972		0
973		0
974		0
975		0
976		1
977		0
978		0
979		0
980		0
981		0
982		0
983		1
984		1
985		1
986		1
987		0
988		1
989		0
990		0
991		0
992		1
993		1
994		0
995		0
996		0
997		1
998		1
999		0
1000		1
1001		1
1002		1
1003		1
1004		0
1005		0
1006		0
1007		1
1008		0
1009		0
1010		0
1011		1
1012		0
1013		0
1014		0
1015		0
1016		2
1017		0
1018		0
1019		0
1020		2
1021		0
1022		1
1023		1
