Channel		Counts
0		0
1		0
2		0
3		0
4		0
5		0
6		0
7		0
8		0
9		0
10		0
11		0
12		0
13		0
14		0
15		0
16		0
17		187
18		399
19		462
20		510
21		599
22		658
23		835
24		1025
25		1237
26		1294
27		1342
28		1350
29		1320
30		1391
31		1423
32		1524
33		1711
34		1610
35		1649
36		1452
37		1420
38		1411
39		1236
40		1415
41		1601
42		1966
43		2742
44		3874
45		5549
46		7236
47		8871
48		9901
49		10063
50		9020
51		7553
52		5632
53		4196
54		2937
55		2088
56		1630
57		1261
58		948
59		678
60		530
61		383
62		297
63		246
64		217
65		211
66		215
67		194
68		171
69		204
70		180
71		187
72		180
73		192
74		159
75		164
76		183
77		181
78		172
79		185
80		169
81		162
82		156
83		152
84		141
85		141
86		118
87		131
88		136
89		141
90		128
91		139
92		123
93		134
94		142
95		100
96		137
97		110
98		114
99		115
100		109
101		120
102		117
103		108
104		93
105		112
106		107
107		100
108		77
109		106
110		96
111		88
112		77
113		92
114		92
115		95
116		65
117		74
118		82
119		80
120		79
121		53
122		86
123		63
124		55
125		74
126		70
127		59
128		52
129		61
130		66
131		58
132		74
133		65
134		59
135		64
136		63
137		56
138		60
139		52
140		61
141		43
142		55
143		53
144		55
145		53
146		48
147		56
148		47
149		58
150		44
151		47
152		50
153		45
154		40
155		38
156		48
157		42
158		53
159		39
160		49
161		45
162		52
163		38
164		28
165		51
166		41
167		53
168		32
169		35
170		53
171		37
172		40
173		48
174		38
175		35
176		31
177		30
178		32
179		25
180		36
181		36
182		28
183		33
184		45
185		34
186		35
187		51
188		30
189		35
190		33
191		38
192		30
193		30
194		22
195		31
196		31
197		33
198		34
199		31
200		36
201		27
202		30
203		30
204		37
205		32
206		26
207		39
208		45
209		34
210		26
211		25
212		31
213		28
214		23
215		33
216		26
217		23
218		36
219		23
220		23
221		28
222		24
223		29
224		31
225		39
226		34
227		50
228		29
229		36
230		38
231		33
232		34
233		32
234		29
235		32
236		28
237		25
238		27
239		27
240		33
241		32
242		23
243		21
244		31
245		21
246		26
247		26
248		20
249		22
250		29
251		28
252		24
253		20
254		19
255		16
256		20
257		18
258		23
259		23
260		31
261		22
262		33
263		13
264		28
265		17
266		25
267		19
268		15
269		17
270		20
271		18
272		21
273		23
274		20
275		18
276		19
277		22
278		11
279		20
280		15
281		20
282		13
283		18
284		12
285		22
286		20
287		18
288		21
289		17
290		26
291		12
292		26
293		15
294		22
295		26
296		15
297		15
298		11
299		17
300		11
301		12
302		19
303		14
304		12
305		12
306		21
307		14
308		12
309		11
310		18
311		24
312		17
313		14
314		12
315		20
316		20
317		20
318		9
319		19
320		10
321		23
322		19
323		19
324		18
325		13
326		16
327		10
328		14
329		20
330		19
331		21
332		17
333		21
334		14
335		19
336		13
337		18
338		16
339		11
340		17
341		18
342		21
343		11
344		6
345		7
346		17
347		12
348		12
349		15
350		12
351		10
352		10
353		11
354		12
355		9
356		10
357		8
358		10
359		10
360		14
361		14
362		16
363		15
364		10
365		13
366		18
367		7
368		14
369		17
370		16
371		12
372		9
373		12
374		18
375		9
376		14
377		12
378		12
379		18
380		14
381		13
382		16
383		9
384		18
385		13
386		11
387		13
388		8
389		6
390		10
391		7
392		13
393		15
394		11
395		5
396		10
397		13
398		12
399		11
400		13
401		8
402		6
403		9
404		12
405		8
406		9
407		11
408		15
409		10
410		8
411		14
412		9
413		12
414		12
415		8
416		11
417		7
418		7
419		5
420		13
421		14
422		6
423		12
424		3
425		8
426		7
427		8
428		4
429		8
430		6
431		11
432		5
433		5
434		7
435		4
436		5
437		4
438		5
439		7
440		6
441		8
442		11
443		7
444		4
445		6
446		8
447		10
448		6
449		8
450		10
451		3
452		9
453		12
454		7
455		7
456		5
457		11
458		7
459		13
460		14
461		8
462		16
463		9
464		12
465		17
466		12
467		15
468		13
469		12
470		6
471		10
472		12
473		8
474		14
475		11
476		16
477		13
478		10
479		7
480		14
481		6
482		11
483		2
484		5
485		3
486		6
487		7
488		7
489		5
490		8
491		3
492		4
493		11
494		5
495		3
496		3
497		4
498		3
499		4
500		4
501		3
502		4
503		4
504		3
505		4
506		4
507		5
508		2
509		5
510		3
511		3
512		8
513		6
514		2
515		5
516		7
517		6
518		2
519		3
520		7
521		3
522		5
523		0
524		7
525		6
526		3
527		5
528		6
529		7
530		4
531		6
532		4
533		4
534		5
535		3
536		3
537		2
538		2
539		2
540		7
541		2
542		3
543		4
544		1
545		2
546		5
547		3
548		3
549		0
550		2
551		0
552		1
553		1
554		3
555		3
556		2
557		1
558		6
559		2
560		5
561		4
562		3
563		4
564		1
565		6
566		3
567		4
568		3
569		0
570		2
571		1
572		0
573		1
574		3
575		3
576		1
577		2
578		1
579		0
580		3
581		4
582		1
583		3
584		8
585		3
586		4
587		5
588		2
589		2
590		2
591		1
592		3
593		5
594		4
595		2
596		1
597		5
598		1
599		2
600		4
601		2
602		3
603		5
604		2
605		1
606		4
607		1
608		1
609		3
610		0
611		3
612		1
613		1
614		2
615		3
616		4
617		2
618		3
619		2
620		3
621		5
622		4
623		2
624		1
625		1
626		2
627		1
628		2
629		5
630		0
631		2
632		4
633		0
634		1
635		3
636		3
637		4
638		1
639		2
640		0
641		3
642		2
643		2
644		0
645		3
646		1
647		0
648		2
649		0
650		0
651		1
652		2
653		1
654		0
655		1
656		1
657		1
658		1
659		0
660		2
661		1
662		1
663		2
664		1
665		0
666		0
667		1
668		1
669		2
670		2
671		0
672		1
673		2
674		2
675		2
676		5
677		1
678		2
679		1
680		4
681		2
682		3
683		1
684		0
685		1
686		2
687		1
688		1
689		0
690		0
691		0
692		0
693		1
694		0
695		0
696		3
697		0
698		0
699		0
700		1
701		1
702		0
703		1
704		0
705		0
706		0
707		0
708		0
709		0
710		1
711		1
712		0
713		0
714		0
715		0
716		0
717		3
718		0
719		0
720		1
721		0
722		0
723		0
724		0
725		0
726		0
727		0
728		0
729		0
730		1
731		1
732		0
733		0
734		0
735		0
736		0
737		0
738		0
739		0
740		0
741		1
742		0
743		1
744		0
745		0
746		0
747		0
748		0
749		0
750		0
751		0
752		0
753		0
754		0
755		0
756		0
757		0
758		0
759		0
760		0
761		1
762		1
763		0
764		0
765		0
766		0
767		0
768		0
769		0
770		0
771		0
772		0
773		0
774		0
775		1
776		0
777		0
778		0
779		0
780		1
781		1
782		0
783		0
784		0
785		0
786		0
787		0
788		0
789		0
790		0
791		0
792		0
793		0
794		0
795		0
796		0
797		0
798		1
799		0
800		0
801		0
802		0
803		0
804		0
805		1
806		0
807		0
808		1
809		0
810		0
811		0
812		0
813		0
814		1
815		0
816		2
817		0
818		0
819		0
820		0
821		0
822		0
823		0
824		1
825		0
826		0
827		0
828		0
829		0
830		1
831		0
832		0
833		0
834		0
835		0
836		1
837		0
838		0
839		0
840		0
841		0
842		1
843		0
844		0
845		0
846		0
847		0
848		0
849		0
850		1
851		0
852		0
853		0
854		1
855		1
856		1
857		0
858		0
859		0
860		0
861		0
862		1
863		0
864		0
865		0
866		0
867		0
868		0
869		0
870		0
871		0
872		0
873		0
874		0
875		0
876		0
877		0
878		0
879		0
880		0
881		0
882		0
883		0
884		0
885		0
886		0
887		0
888		0
889		1
890		0
891		0
892		0
893		0
894		0
895		0
896		0
897		0
898		1
899		0
900		0
901		0
902		0
903		0
904		0
905		0
906		0
907		0
908		0
909		0
910		0
911		0
912		0
913		0
914		0
915		0
916		0
917		0
918		0
919		0
920		0
921		0
922		0
923		0
924		0
925		0
926		0
927		0
928		0
929		0
930		0
931		1
932		0
933		1
934		0
935		0
936		0
937		0
938		0
939		0
940		0
941		0
942		0
943		0
944		0
945		2
946		0
947		0
948		0
949		0
950		0
951		0
952		0
953		0
954		1
955		0
956		0
957		1
958		0
959		0
960		0
961		0
962		1
963		0
964		0
965		0
966		1
967		0
968		0
969		0
970		0
971		0
972		0
973		0
974		0
975		0
976		0
977		0
978		0
979		0
980		0
981		1
982		0
983		0
984		0
985		0
986		1
987		0
988		0
989		0
990		0
991		0
992		0
993		1
994		0
995		0
996		0
997		0
998		0
999		0
1000		0
1001		0
1002		0
1003		0
1004		0
1005		0
1006		0
1007		1
1008		0
1009		0
1010		1
1011		1
1012		0
1013		0
1014		0
1015		0
1016		2
1017		0
1018		0
1019		0
1020		1
1021		0
1022		0
1023		0
