Channel	Counts
0	0
1	0
2	0
3	0
4	0
5	0
6	0
7	0
8	0
9	0
10	0
11	0
12	0
13	0
14	0
15	0
16	0
17	902
18	1707
19	1704
20	1858
21	1953
22	2259
23	2429
24	2714
25	2788
26	2925
27	2926
28	2539
29	2353
30	2240
31	2134
32	2099
33	1979
34	1863
35	1729
36	1738
37	1637
38	1598
39	1650
40	1633
41	1632
42	1595
43	1600
44	1613
45	1652
46	1681
47	1656
48	1659
49	1698
50	1638
51	1633
52	1621
53	1617
54	1624
55	1640
56	1721
57	1671
58	1711
59	1661
60	1714
61	1704
62	1683
63	1672
64	1687
65	1618
66	1622
67	1685
68	1626
69	1635
70	1598
71	1673
72	1584
73	1639
74	1620
75	1578
76	1693
77	1671
78	1706
79	1649
80	1672
81	1876
82	1807
83	1942
84	1989
85	1915
86	2050
87	2141
88	2130
89	2154
90	2115
91	2212
92	2193
93	2222
94	2240
95	2142
96	2096
97	2154
98	2143
99	2154
100	2161
101	2072
102	2144
103	2090
104	2075
105	2115
106	2183
107	2175
108	2106
109	2066
110	2107
111	2166
112	2080
113	2040
114	1998
115	2007
116	2090
117	1995
118	2001
119	1976
120	2003
121	1954
122	1902
123	1966
124	1988
125	1992
126	1950
127	1973
128	1899
129	1839
130	1797
131	1815
132	1914
133	1774
134	1668
135	1794
136	1709
137	1689
138	1727
139	1707
140	1781
141	1651
142	1663
143	1674
144	1663
145	1688
146	1678
147	1646
148	1644
149	1522
150	1552
151	1586
152	1585
153	1488
154	1557
155	1664
156	1495
157	1570
158	1570
159	1519
160	1453
161	1484
162	1467
163	1463
164	1479
165	1423
166	1478
167	1393
168	1423
169	1428
170	1401
171	1430
172	1435
173	1405
174	1338
175	1356
176	1371
177	1407
178	1377
179	1364
180	1417
181	1315
182	1402
183	1380
184	1308
185	1328
186	1370
187	1387
188	1352
189	1328
190	1360
191	1349
192	1392
193	1347
194	1342
195	1388
196	1351
197	1327
198	1370
199	1364
200	1326
201	1424
202	1374
203	1287
204	1324
205	1271
206	1368
207	1262
208	1305
209	1272
210	1240
211	1375
212	1231
213	1258
214	1248
215	1332
216	1295
217	1315
218	1275
219	1268
220	1308
221	1397
222	1302
223	1296
224	1290
225	1264
226	1316
227	1325
228	1329
229	1315
230	1290
231	1302
232	1325
233	1290
234	1325
235	1283
236	1245
237	1368
238	1218
239	1351
240	1285
241	1248
242	1350
243	1315
244	1348
245	1301
246	1370
247	1275
248	1358
249	1415
250	1320
251	1315
252	1355
253	1360
254	1408
255	1369
256	1364
257	1371
258	1347
259	1398
260	1370
261	1331
262	1404
263	1382
264	1343
265	1462
266	1344
267	1406
268	1397
269	1402
270	1455
271	1401
272	1380
273	1389
274	1501
275	1493
276	1445
277	1453
278	1507
279	1469
280	1509
281	1429
282	1428
283	1537
284	1534
285	1594
286	1552
287	1509
288	1566
289	1477
290	1544
291	1606
292	1506
293	1544
294	1604
295	1563
296	1650
297	1591
298	1662
299	1655
300	1576
301	1702
302	1678
303	1713
304	1774
305	1758
306	1679
307	1770
308	1697
309	1655
310	1780
311	1796
312	1797
313	1858
314	1800
315	1752
316	1796
317	1892
318	1778
319	1863
320	1825
321	1892
322	1830
323	1878
324	1847
325	1861
326	1821
327	1833
328	1775
329	1838
330	1822
331	1909
332	1679
333	1718
334	1680
335	1681
336	1580
337	1594
338	1548
339	1534
340	1451
341	1439
342	1396
343	1344
344	1324
345	1330
346	1268
347	1285
348	1217
349	1255
350	1246
351	1251
352	1251
353	1142
354	1262
355	1256
356	1219
357	1199
358	1204
359	1208
360	1183
361	1207
362	1227
363	1228
364	1195
365	1166
366	1209
367	1164
368	1085
369	1179
370	1186
371	1200
372	1122
373	1107
374	1066
375	1114
376	1121
377	1188
378	1097
379	1171
380	1152
381	1239
382	1353
383	1391
384	1498
385	1623
386	1866
387	2057
388	2169
389	2359
390	2596
391	2802
392	2999
393	3155
394	3259
395	3378
396	3432
397	3300
398	3360
399	3269
400	3159
401	2933
402	2713
403	2444
404	2253
405	1948
406	1807
407	1520
408	1258
409	1112
410	1027
411	839
412	783
413	753
414	634
415	607
416	595
417	627
418	682
419	692
420	724
421	829
422	951
423	1104
424	1131
425	1330
426	1518
427	1640
428	1923
429	2014
430	2199
431	2430
432	2490
433	2669
434	2670
435	2712
436	2796
437	2643
438	2578
439	2515
440	2354
441	2026
442	1907
443	1700
444	1479
445	1338
446	1076
447	941
448	801
449	697
450	587
451	504
452	393
453	365
454	289
455	248
456	229
457	212
458	176
459	169
460	163
461	158
462	151
463	131
464	133
465	117
466	92
467	116
468	81
469	83
470	72
471	82
472	47
473	70
474	62
475	54
476	39
477	41
478	31
479	33
480	30
481	41
482	33
483	30
484	41
485	28
486	31
487	31
488	32
489	31
490	24
491	30
492	31
493	23
494	33
495	25
496	37
497	26
498	26
499	23
500	29
501	20
502	21
503	24
504	27
505	24
506	28
507	27
508	24
509	21
510	27
511	16
512	22
513	25
514	21
515	31
516	15
517	30
518	22
519	20
520	19
521	24
522	25
523	21
524	27
525	25
526	16
527	21
528	19
529	14
530	25
531	21
532	23
533	16
534	22
535	20
536	18
537	28
538	12
539	20
540	19
541	22
542	22
543	30
544	20
545	14
546	17
547	19
548	16
549	17
550	18
551	11
552	16
553	17
554	17
555	16
556	20
557	21
558	20
559	10
560	25
561	23
562	17
563	13
564	21
565	14
566	15
567	17
568	16
569	17
570	10
571	19
572	7
573	20
574	15
575	18
576	9
577	16
578	12
579	20
580	15
581	15
582	19
583	18
584	12
585	14
586	7
587	11
588	22
589	14
590	17
591	9
592	11
593	18
594	25
595	23
596	19
597	16
598	17
599	15
600	16
601	11
602	15
603	14
604	8
605	14
606	16
607	22
608	15
609	17
610	16
611	20
612	18
613	16
614	18
615	11
616	11
617	16
618	22
619	18
620	13
621	17
622	19
623	16
624	16
625	14
626	12
627	15
628	12
629	8
630	5
631	8
632	8
633	7
634	10
635	3
636	5
637	13
638	14
639	6
640	4
641	5
642	3
643	4
644	6
645	8
646	1
647	0
648	10
649	5
650	3
651	1
652	4
653	9
654	7
655	6
656	6
657	9
658	9
659	9
660	12
661	8
662	9
663	16
664	7
665	14
666	12
667	9
668	11
669	12
670	12
671	14
672	10
673	8
674	18
675	4
676	10
677	5
678	4
679	7
680	9
681	5
682	7
683	1
684	1
685	3
686	2
687	1
688	1
689	6
690	5
691	1
692	2
693	1
694	0
695	2
696	1
697	1
698	2
699	1
700	1
701	1
702	3
703	1
704	0
705	1
706	0
707	1
708	0
709	1
710	2
711	1
712	1
713	1
714	0
715	1
716	1
717	0
718	3
719	0
720	0
721	1
722	0
723	0
724	0
725	1
726	0
727	0
728	1
729	1
730	2
731	1
732	1
733	1
734	0
735	1
736	0
737	0
738	0
739	0
740	0
741	3
742	0
743	0
744	1
745	0
746	0
747	1
748	0
749	2
750	0
751	0
752	0
753	0
754	0
755	0
756	0
757	1
758	0
759	0
760	1
761	0
762	1
763	0
764	0
765	0
766	0
767	0
768	0
769	0
770	0
771	0
772	0
773	1
774	1
775	0
776	0
777	0
778	0
779	0
780	0
781	0
782	0
783	1
784	0
785	0
786	0
787	0
788	0
789	1
790	0
791	0
792	0
793	2
794	0
795	0
796	0
797	0
798	0
799	0
800	0
801	1
802	0
803	0
804	0
805	1
806	0
807	0
808	1
809	0
810	0
811	0
812	1
813	0
814	0
815	0
816	0
817	0
818	0
819	0
820	1
821	0
822	1
823	0
824	0
825	1
826	0
827	0
828	0
829	1
830	0
831	0
832	0
833	0
834	0
835	1
836	0
837	0
838	0
839	0
840	1
841	0
842	0
843	0
844	0
845	0
846	0
847	0
848	1
849	2
850	0
851	1
852	0
853	0
854	1
855	1
856	0
857	0
858	0
859	0
860	0
861	1
862	0
863	1
864	0
865	0
866	0
867	0
868	0
869	1
870	0
871	0
872	0
873	0
874	0
875	0
876	0
877	0
878	0
879	0
880	0
881	0
882	0
883	0
884	0
885	0
886	0
887	1
888	0
889	0
890	0
891	0
892	0
893	1
894	1
895	0
896	0
897	0
898	0
899	0
900	0
901	0
902	0
903	0
904	0
905	1
906	0
907	0
908	0
909	0
910	0
911	0
912	0
913	0
914	0
915	0
916	0
917	0
918	0
919	0
920	0
921	0
922	0
923	0
924	1
925	0
926	0
927	0
928	0
929	0
930	0
931	0
932	0
933	0
934	0
935	0
936	0
937	0
938	1
939	0
940	1
941	0
942	0
943	0
944	0
945	0
946	0
947	0
948	0
949	0
950	0
951	0
952	0
953	0
954	0
955	0
956	0
957	1
958	0
959	0
960	0
961	0
962	0
963	0
964	0
965	1
966	0
967	0
968	0
969	0
970	0
971	0
972	0
973	0
974	0
975	0
976	0
977	1
978	0
979	0
980	0
981	0
982	0
983	2
984	0
985	0
986	0
987	0
988	0
989	1
990	0
991	0
992	1
993	0
994	0
995	0
996	0
997	0
998	0
999	0
1000	0
1001	0
1002	1
1003	0
1004	0
1005	0
1006	0
1007	0
1008	0
1009	0
1010	0
1011	0
1012	1
1013	1
1014	0
1015	1
1016	0
1017	0
1018	1
1019	0
1020	0
1021	0
1022	0
1023	0
