Channel		Counts
0		0
1		0
2		0
3		0
4		0
5		0
6		0
7		0
8		0
9		0
10		0
11		0
12		0
13		0
14		0
15		0
16		0
17		271
18		560
19		610
20		656
21		715
22		728
23		807
24		841
25		956
26		970
27		1025
28		862
29		841
30		763
31		730
32		676
33		718
34		659
35		631
36		578
37		556
38		546
39		539
40		577
41		595
42		615
43		564
44		595
45		584
46		562
47		628
48		593
49		587
50		578
51		628
52		604
53		561
54		580
55		531
56		576
57		520
58		573
59		579
60		531
61		592
62		578
63		568
64		564
65		581
66		611
67		571
68		565
69		578
70		626
71		579
72		629
73		687
74		664
75		712
76		697
77		760
78		730
79		715
80		687
81		708
82		739
83		747
84		717
85		715
86		727
87		753
88		724
89		758
90		736
91		694
92		664
93		729
94		727
95		687
96		636
97		694
98		724
99		738
100		734
101		615
102		634
103		667
104		644
105		651
106		643
107		627
108		560
109		608
110		633
111		603
112		587
113		571
114		596
115		547
116		568
117		546
118		586
119		592
120		523
121		551
122		544
123		548
124		547
125		564
126		534
127		502
128		515
129		563
130		485
131		534
132		522
133		525
134		537
135		518
136		467
137		507
138		540
139		486
140		525
141		511
142		507
143		502
144		504
145		508
146		509
147		530
148		493
149		472
150		454
151		481
152		500
153		494
154		504
155		515
156		508
157		519
158		529
159		522
160		501
161		522
162		516
163		493
164		510
165		509
166		481
167		537
168		540
169		536
170		502
171		533
172		514
173		544
174		537
175		540
176		498
177		490
178		496
179		496
180		455
181		416
182		485
183		420
184		364
185		312
186		330
187		341
188		278
189		242
190		220
191		222
192		232
193		192
194		190
195		175
196		183
197		164
198		158
199		150
200		141
201		140
202		142
203		129
204		108
205		128
206		136
207		98
208		121
209		92
210		86
211		105
212		80
213		90
214		87
215		90
216		81
217		95
218		92
219		75
220		87
221		91
222		100
223		85
224		87
225		101
226		106
227		107
228		109
229		147
230		164
231		171
232		204
233		230
234		304
235		334
236		424
237		510
238		630
239		724
240		907
241		1021
242		1166
243		1383
244		1627
245		1859
246		1933
247		2010
248		2232
249		2331
250		2427
251		2458
252		2425
253		2302
254		2198
255		1997
256		1864
257		1672
258		1487
259		1298
260		1060
261		858
262		727
263		566
264		458
265		351
266		304
267		253
268		203
269		189
270		146
271		121
272		130
273		93
274		85
275		83
276		74
277		64
278		49
279		37
280		50
281		39
282		29
283		38
284		27
285		26
286		21
287		23
288		26
289		28
290		12
291		25
292		35
293		28
294		38
295		18
296		26
297		20
298		22
299		16
300		24
301		18
302		20
303		21
304		24
305		21
306		24
307		19
308		24
309		22
310		27
311		16
312		35
313		18
314		28
315		22
316		21
317		17
318		22
319		26
320		12
321		21
322		10
323		14
324		13
325		17
326		16
327		17
328		9
329		17
330		14
331		12
332		11
333		9
334		14
335		12
336		15
337		18
338		9
339		12
340		7
341		13
342		11
343		8
344		8
345		6
346		13
347		9
348		4
349		7
350		7
351		8
352		7
353		7
354		5
355		8
356		12
357		9
358		6
359		12
360		9
361		10
362		14
363		5
364		11
365		12
366		12
367		23
368		11
369		26
370		33
371		15
372		35
373		41
374		45
375		41
376		54
377		38
378		48
379		55
380		65
381		57
382		54
383		51
384		63
385		56
386		65
387		59
388		43
389		47
390		26
391		40
392		39
393		23
394		15
395		11
396		18
397		18
398		11
399		10
400		8
401		7
402		10
403		10
404		4
405		9
406		6
407		6
408		3
409		6
410		5
411		8
412		5
413		3
414		5
415		2
416		3
417		3
418		3
419		7
420		8
421		6
422		2
423		2
424		5
425		5
426		5
427		4
428		0
429		5
430		3
431		1
432		3
433		4
434		1
435		2
436		1
437		2
438		5
439		3
440		3
441		2
442		3
443		1
444		4
445		2
446		6
447		6
448		4
449		6
450		4
451		3
452		3
453		6
454		4
455		5
456		5
457		2
458		3
459		2
460		5
461		7
462		8
463		3
464		6
465		6
466		6
467		7
468		6
469		2
470		1
471		5
472		4
473		6
474		3
475		3
476		8
477		7
478		1
479		4
480		1
481		1
482		0
483		0
484		1
485		1
486		2
487		2
488		4
489		1
490		1
491		0
492		0
493		1
494		2
495		0
496		2
497		1
498		0
499		1
500		1
501		1
502		2
503		2
504		2
505		2
506		0
507		1
508		4
509		4
510		1
511		5
512		0
513		2
514		1
515		1
516		3
517		1
518		1
519		0
520		1
521		3
522		4
523		0
524		1
525		0
526		3
527		3
528		2
529		1
530		2
531		2
532		2
533		3
534		1
535		1
536		2
537		2
538		3
539		2
540		2
541		2
542		2
543		1
544		1
545		1
546		2
547		0
548		1
549		1
550		0
551		0
552		1
553		0
554		1
555		1
556		0
557		1
558		1
559		2
560		0
561		2
562		2
563		1
564		0
565		4
566		2
567		1
568		0
569		0
570		1
571		0
572		0
573		1
574		1
575		1
576		0
577		0
578		0
579		0
580		0
581		2
582		2
583		2
584		0
585		3
586		2
587		0
588		0
589		2
590		2
591		1
592		3
593		2
594		1
595		1
596		1
597		0
598		0
599		1
600		3
601		1
602		2
603		0
604		2
605		1
606		0
607		2
608		1
609		0
610		0
611		0
612		2
613		0
614		0
615		0
616		0
617		0
618		1
619		0
620		0
621		1
622		1
623		1
624		1
625		0
626		2
627		2
628		0
629		2
630		0
631		1
632		0
633		0
634		1
635		1
636		0
637		0
638		1
639		0
640		0
641		0
642		1
643		0
644		0
645		2
646		1
647		0
648		0
649		0
650		2
651		0
652		0
653		0
654		0
655		0
656		1
657		1
658		0
659		1
660		0
661		1
662		1
663		0
664		0
665		0
666		0
667		0
668		1
669		0
670		0
671		1
672		2
673		0
674		0
675		0
676		3
677		2
678		0
679		0
680		1
681		0
682		0
683		1
684		1
685		1
686		2
687		0
688		0
689		1
690		2
691		0
692		0
693		0
694		0
695		1
696		0
697		1
698		0
699		0
700		0
701		1
702		0
703		0
704		0
705		0
706		0
707		0
708		0
709		0
710		0
711		0
712		0
713		1
714		0
715		1
716		0
717		0
718		0
719		0
720		0
721		0
722		0
723		0
724		0
725		0
726		0
727		0
728		0
729		0
730		0
731		0
732		0
733		0
734		0
735		0
736		0
737		0
738		0
739		0
740		0
741		0
742		0
743		1
744		0
745		0
746		1
747		0
748		0
749		0
750		0
751		0
752		0
753		0
754		0
755		0
756		0
757		0
758		0
759		0
760		0
761		0
762		0
763		0
764		0
765		0
766		0
767		0
768		0
769		0
770		0
771		0
772		0
773		0
774		0
775		0
776		0
777		0
778		0
779		0
780		0
781		0
782		0
783		0
784		0
785		1
786		0
787		0
788		0
789		0
790		0
791		0
792		0
793		0
794		0
795		0
796		0
797		0
798		0
799		0
800		0
801		0
802		0
803		0
804		0
805		0
806		0
807		0
808		0
809		0
810		0
811		0
812		0
813		0
814		0
815		0
816		0
817		0
818		0
819		1
820		0
821		0
822		0
823		0
824		0
825		0
826		0
827		0
828		0
829		0
830		0
831		0
832		0
833		0
834		0
835		0
836		0
837		1
838		0
839		0
840		0
841		0
842		0
843		0
844		0
845		0
846		0
847		0
848		0
849		0
850		0
851		0
852		0
853		0
854		0
855		0
856		0
857		0
858		0
859		0
860		0
861		0
862		1
863		0
864		0
865		0
866		0
867		0
868		0
869		0
870		0
871		0
872		0
873		0
874		1
875		0
876		0
877		0
878		0
879		0
880		0
881		0
882		0
883		0
884		0
885		0
886		0
887		1
888		0
889		0
890		0
891		0
892		0
893		0
894		0
895		0
896		0
897		0
898		0
899		0
900		0
901		0
902		0
903		0
904		0
905		0
906		1
907		0
908		0
909		0
910		0
911		0
912		0
913		0
914		0
915		0
916		0
917		0
918		0
919		0
920		0
921		0
922		0
923		0
924		0
925		0
926		0
927		0
928		0
929		0
930		0
931		0
932		0
933		0
934		0
935		0
936		1
937		0
938		0
939		0
940		0
941		1
942		0
943		0
944		0
945		0
946		0
947		0
948		0
949		0
950		1
951		0
952		0
953		0
954		0
955		0
956		1
957		0
958		0
959		0
960		0
961		0
962		0
963		0
964		0
965		0
966		0
967		0
968		0
969		0
970		0
971		1
972		0
973		0
974		0
975		0
976		0
977		0
978		0
979		0
980		0
981		0
982		0
983		0
984		1
985		0
986		0
987		0
988		0
989		0
990		0
991		0
992		0
993		0
994		0
995		0
996		0
997		0
998		0
999		1
1000		0
1001		0
1002		0
1003		0
1004		0
1005		0
1006		1
1007		0
1008		0
1009		0
1010		0
1011		0
1012		0
1013		0
1014		0
1015		0
1016		0
1017		0
1018		0
1019		0
1020		0
1021		0
1022		0
1023		0
