Time   	Heater status  	Temp P   	Temp Q   
11	1	20.8	20.8
21	1	20.8	20.6
31	1	20.8	20.8
41	1	20.8	20.8
51	1	20.8	20.9
61	1	20.8	21.0
71	1	20.8	21.1
81	1	20.8	21.2
91	1	20.8	21.4
101	1	20.8	21.7
111	1	21.0	21.8
121	1	21.0	22.1
131	1	21.1	22.3
141	1	21.2	22.7
151	1	21.1	23.1
161	0	21.3	23.4
171	0	21.5	23.6
181	0	21.6	24.0
191	0	21.7	24.2
201	0	21.9	24.5
211	0	22.0	24.8
221	0	22.1	25.1
231	0	22.3	25.3
241	0	22.5	25.4
251	0	22.6	25.3
261	0	22.7	25.5
271	0	22.8	25.5
281	0	23.0	25.5
291	0	23.0	25.5
301	1	23.1	25.5
311	1	23.1	25.5
321	1	23.3	25.3
331	1	23.3	25.3
341	1	23.3	25.4
351	1	23.3	25.3
361	1	23.5	25.3
371	1	23.5	25.1
381	1	23.5	25.4
391	1	23.5	25.5
401	1	23.6	25.6
411	1	23.5	25.7
421	1	23.5	26.0
431	1	23.6	26.2
441	1	23.7	26.4
451	1	23.8	26.5
461	0	23.8	26.8
471	0	24.0	27.0
481	0	24.1	27.2
491	0	24.2	27.3
501	0	24.3	27.6
511	0	24.3	27.9
521	0	24.5	28.0
531	0	24.6	28.1
541	0	24.8	28.1
551	0	24.8	28.1
561	0	25.0	28.1
571	0	25.0	28.0
581	0	25.1	28.0
591	0	25.1	28.0
601	1	25.2	27.8
611	1	25.3	27.6
621	1	25.2	27.5
631	1	25.2	27.4
641	1	25.2	27.4
651	1	25.1	27.2
661	1	25.2	27.3
671	1	25.2	27.1
681	1	25.1	27.3
691	1	25.3	27.5
701	1	25.1	27.5
711	1	25.1	27.7
721	1	25.3	27.7
731	1	25.3	27.9
741	1	25.3	28.1
751	1	25.3	28.3
761	0	25.4	28.3
771	0	25.6	28.6
781	0	25.5	28.9
791	0	25.6	29.0
801	0	25.8	29.1
811	0	25.8	29.2
821	0	26.0	29.3
831	0	26.0	29.3
841	0	26.1	29.4
851	0	26.0	29.3
861	0	26.1	29.4
871	0	26.1	29.3
881	0	26.3	29.2
891	0	26.3	29.0
901	1	26.3	28.8
911	1	26.3	28.6
921	1	26.3	28.6
931	1	26.3	28.5
941	1	26.3	28.3
951	1	26.1	28.3
961	1	26.3	28.2
971	1	26.1	28.2
981	1	26.1	28.4
991	1	26.1	28.3
1001	1	26.1	28.4
1011	1	26.3	28.5
1021	1	26.2	28.5
1031	1	26.2	28.6
1041	1	26.1	29.0
1051	0	26.3	29.1
1061	0	26.3	29.3
1071	0	26.3	29.6
1081	0	26.3	29.6
1091	0	26.5	29.7
1101	0	26.5	29.9
1111	0	26.6	30.0
1121	0	26.6	30.1
1131	0	26.8	30.1
1141	0	26.8	30.0
1151	0	26.9	30.1
1161	0	27.0	30.0
1171	0	27.0	30.0
1181	0	27.1	29.8
1191	1	27.0	29.6
1201	1	27.0	29.5
1211	1	27.1	29.2
1221	1	27.0	29.2
1231	1	27.0	29.0
1241	1	27.0	29.0
1251	1	27.0	28.8
1261	1	26.8	28.8
1271	1	26.9	28.8
1281	1	26.7	28.8
1291	1	26.7	28.9
1301	1	26.7	29.0
1311	1	26.6	29.2
1321	1	26.7	29.1
1331	1	26.7	29.2
1341	1	26.8	29.4
1351	0	26.8	29.5
1361	0	26.8	29.8
1371	0	27.0	29.8
1381	0	26.9	30.2
1391	0	27.0	30.3
1401	0	27.1	30.4
1411	0	27.1	30.5
1421	0	27.2	30.5
1431	0	27.1	30.5
1441	0	27.4	30.5
1451	0	27.3	30.3
1461	0	27.5	30.5
1471	0	27.3	30.3
1481	0	27.5	30.1
1491	1	27.5	29.9
1501	1	27.4	29.6
1511	1	27.4	29.7
1521	1	27.5	29.4
1531	1	27.4	29.5
1541	1	27.3	29.1
1551	1	27.3	29.1
1561	1	27.3	29.1
1571	1	27.2	29.1
1581	1	27.2	29.3
1591	1	27.3	29.2
1601	1	27.1	29.2
1611	1	27.1	29.3
1621	1	27.0	29.5
1631	1	27.1	29.7
1641	1	27.1	29.8
1651	0	27.2	30.1
1661	0	27.3	30.1
1671	0	27.3	30.3
1681	0	27.3	30.5
1691	0	27.4	30.6
1701	0	27.5	30.6
1711	0	27.5	30.7
1721	0	27.5	30.8
1731	0	27.5	30.8
1741	0	27.7	30.6
1751	0	27.6	30.6
1761	0	27.7	30.4
1771	0	27.6	30.5
1781	0	27.7	30.3
1791	1	27.7	30.1
1801	1	27.7	30.0
1811	1	27.7	29.9
1821	1	27.6	29.7
1831	1	27.6	29.5
1841	1	27.6	29.3
1851	1	27.5	29.4
1861	1	27.4	29.3
1871	1	27.5	29.2
1881	1	27.4	29.3
1891	1	27.3	29.5
1901	1	27.3	29.5
1911	1	27.3	29.6
1921	1	27.3	29.8
1931	1	27.3	29.8
1941	0	27.5	30.0
1951	0	27.5	30.3
1961	0	27.5	30.5
1971	0	27.5	30.5
1981	0	27.6	30.7
1991	0	27.6	30.7
2001	0	27.5	31.0
2011	0	27.8	30.9
2021	0	27.8	31.0
2031	0	27.7	31.0
2041	0	27.8	30.9
2051	0	27.8	30.8
2061	0	28.0	30.8
2071	0	27.9	30.5
2081	1	28.0	30.4
2091	1	27.9	30.2
2101	1	27.8	30.1
2111	1	27.9	30.0
2121	1	27.7	29.8
2131	1	27.7	29.6
2141	1	27.8	29.6
2151	1	27.6	29.6
2161	1	27.6	29.5
2171	1	27.5	29.5
2181	1	27.5	29.5
2191	1	27.5	29.6
2201	1	27.6	29.6
2211	1	27.5	29.8
2221	1	27.5	30.0
2231	1	27.5	30.0
2241	0	27.5	30.2
2251	0	27.5	30.3
2261	0	27.5	30.6
2271	0	27.6	30.8
2281	0	27.7	30.8
2291	0	27.7	31.0
2301	0	27.8	31.0
2311	0	27.8	30.9
2321	0	27.9	30.9
2331	0	28.0	31.0
2341	0	28.0	30.9
2351	0	28.0	30.8
2361	0	28.0	30.6
2371	0	28.1	30.6
2381	1	28.1	30.4
2391	1	28.0	30.3
2401	1	28.1	30.1
2411	1	27.9	29.9
2421	1	28.0	29.8
2431	1	27.9	29.8
2441	1	27.8	29.6
2451	1	27.9	29.6
2461	1	27.7	29.6
2471	1	27.7	29.5
2481	1	27.7	29.6
2491	1	27.6	29.6
2501	1	27.6	29.8
2511	1	27.6	29.8
2521	1	27.7	30.0
2531	1	27.6	30.1
2541	0	27.6	30.3
2551	0	27.7	30.6
2561	0	27.7	30.6
2571	0	27.8	30.9
2581	0	27.8	31.0
2591	0	27.8	31.0
2601	0	27.9	31.0
2611	0	28.0	31.1
2621	0	28.1	31.1
2631	0	28.0	31.1
2641	0	28.1	31.0
2651	0	28.1	31.0
2661	0	28.2	30.8
2671	0	28.1	30.8
2681	1	28.1	30.5
2691	1	28.1	30.3
2701	1	28.1	30.1
2711	1	28.2	30.1
2721	1	28.0	29.8
2731	1	28.0	29.9
2741	1	27.9	29.6
2751	1	27.8	29.6
2761	1	28.0	29.6
2771	1	27.8	29.6
2781	1	27.8	29.8
2791	1	27.7	29.8
2801	1	27.7	30.0
2811	1	27.6	30.1
2821	1	27.8	30.2
2831	0	27.7	30.2
2841	0	27.8	30.5
2851	0	27.8	30.7
2861	0	27.8	30.8
2871	0	27.9	31.0
2881	0	27.8	31.0
2891	0	28.0	31.3
2901	0	28.1	31.3
2911	0	28.1	31.3
2921	0	28.2	31.1
2931	0	28.1	31.1
2941	0	28.3	31.0
2951	0	28.3	31.0
2961	0	28.3	30.9
2971	1	28.2	30.6
2981	1	28.2	30.6
2991	1	28.3	30.6
3001	1	28.2	30.1
3011	1	28.1	30.1
3021	1	28.1	30.0
3031	1	28.1	29.8
3041	1	27.9	29.7
3051	1	28.0	29.7
3061	1	28.0	29.8
3071	1	27.9	29.8
3081	1	27.9	29.9
3091	1	27.8	30.0
3101	1	27.8	30.0
3111	1	27.8	30.2
3121	1	27.8	30.3
3131	0	27.8	30.5
3141	0	27.8	30.7
3151	0	28.0	30.8
3161	0	27.9	31.0
3171	0	28.0	31.0
3181	0	28.0	31.1
3191	0	28.1	31.3
3201	0	28.1	31.3
3211	0	28.2	31.5
3221	0	28.3	31.2
3231	0	28.3	31.2
3241	0	28.3	31.1
3251	0	28.4	31.0
3261	0	28.3	30.8
3271	1	28.4	30.8
3281	1	28.3	30.6
3291	1	28.3	30.4
3301	1	28.3	30.2
3311	1	28.2	30.0
3321	1	28.1	30.0
3331	1	28.1	29.9
3341	1	28.1	29.7
3351	1	28.0	29.7
3361	1	27.8	30.0
3371	1	27.9	29.8
3381	1	27.9	29.9
3391	1	27.8	30.0
3401	1	27.9	30.1
3411	1	27.8	30.3
3421	1	27.8	30.5
3431	0	27.9	30.6
3441	0	27.9	30.7
3451	0	28.0	30.9
3461	0	28.1	31.1
3471	0	28.1	31.1
3481	0	28.1	31.2
3491	0	28.2	31.3
3501	0	28.3	31.3
3511	0	28.3	31.4
3521	0	28.4	31.4
3531	0	28.3	31.2
3541	0	28.4	31.2
3551	0	28.5	31.1
3561	0	28.3	30.8
3571	1	28.3	30.8
3581	1	28.4	30.7
3591	1	28.3	30.5
3601	1	28.3	30.4
3611	1	28.3	30.1
3621	1	28.2	30.0
3631	1	28.2	30.0
3641	1	28.1	29.9
3651	1	28.1	29.8
3661	1	28.0	29.9
3671	1	28.1	29.9
3681	1	28.0	30.1
3691	1	27.9	30.1
3701	1	28.0	30.2
3711	1	28.0	30.3
3721	1	28.0	30.4
3731	0	28.0	30.7
3741	0	28.1	30.8
3751	0	28.0	31.1
3761	0	28.1	31.0
3771	0	28.1	31.3
3781	0	28.2	31.3
3791	0	28.2	31.4
3801	0	28.4	31.4
3811	0	28.3	31.3
3821	0	28.5	31.3
3831	0	28.4	31.2
3841	0	28.5	31.1
3851	0	28.5	31.1
3861	0	28.4	30.9
3871	1	28.5	30.8
3881	1	28.3	30.6
3891	1	28.4	30.4
3901	1	28.4	30.1
3911	1	28.3	30.1
3921	1	28.3	30.0
3931	1	28.2	29.8
3941	1	28.2	30.0
3951	1	28.1	29.8
3961	1	28.1	30.0
3971	1	28.0	30.0
3981	1	28.0	30.1
3991	1	28.0	30.2
4001	1	28.0	30.4
4011	1	28.1	30.5
4021	0	28.0	30.6
4031	0	28.1	30.8
4041	0	28.1	31.0
4051	0	28.1	31.1
4061	0	28.3	31.3
4071	0	28.2	31.4
4080	0	28.3	31.4
4091	0	28.4	31.4
4101	0	28.4	31.5
4111	0	28.4	31.5
4121	0	28.5	31.3
4131	0	28.6	31.2
4141	0	28.5	31.2
4151	0	28.6	31.1
4161	1	28.6	31.0
4171	1	28.5	30.8
4181	1	28.4	30.6
4191	1	28.5	30.3
4201	1	28.5	30.3
4211	1	28.3	30.1
4221	1	28.3	30.0
4231	1	28.2	30.0
4241	1	28.2	30.0
4251	1	28.2	30.0
4261	1	28.1	30.0
4271	1	28.1	30.0
4281	1	28.0	30.1
4291	1	28.0	30.3
4301	1	28.1	30.3
4311	1	28.0	30.6
4321	0	28.0	30.7
4330	0	28.1	30.8
4340	0	28.1	30.9
4350	0	28.1	31.1
4361	0	28.2	31.3
4370	0	28.4	31.4
4380	0	28.3	31.5
4390	0	28.3	31.4
4400	0	28.4	31.5
4410	0	28.5	31.5
4420	0	28.5	31.5
4430	0	28.6	31.2
4440	0	28.5	31.2
4450	0	28.6	31.0
