Channel		Counts
0		6
1		4
2		9
3		6
4		5
5		5
6		5
7		10
8		9
9		10
10		9
11		9
12		8
13		10
14		11
15		13
16		32
17		91
18		76
19		64
20		92
21		124
22		245
23		247
24		146
25		155
26		176
27		209
28		230
29		315
30		511
31		2169
32		9125
33		13921
34		15853
35		17393
36		18055
37		18619
38		19080
39		18454
40		17818
41		16273
42		15269
43		13996
44		13357
45		12750
46		12646
47		12655
48		13233
49		13660
50		13846
51		14630
52		14970
53		15444
54		15505
55		15999
56		15789
57		15933
58		15358
59		15439
60		15170
61		14592
62		14303
63		13891
64		13674
65		13291
66		13211
67		13011
68		12429
69		12329
70		11913
71		11862
72		11413
73		11222
74		10742
75		10566
76		10306
77		10175
78		9899
79		9523
80		9639
81		9342
82		9059
83		9029
84		8735
85		8450
86		8566
87		8579
88		8320
89		8549
90		8616
91		8698
92		8794
93		9264
94		9628
95		9738
96		10337
97		10808
98		11409
99		11718
100		12051
101		12655
102		13324
103		13731
104		14185
105		14714
106		15153
107		15617
108		15970
109		16454
110		16672
111		16731
112		16921
113		16988
114		16737
115		16580
116		16387
117		16069
118		15925
119		15938
120		16079
121		16640
122		17469
123		18500
124		20013
125		21152
126		23423
127		24894
128		26903
129		28737
130		30580
131		31839
132		32689
133		33793
134		33659
135		33441
136		32535
137		32584
138		30969
139		29683
140		27785
141		26336
142		24601
143		23025
144		21731
145		20459
146		19324
147		18149
148		17495
149		16460
150		15633
151		14713
152		13760
153		13104
154		12149
155		11610
156		10896
157		9995
158		9214
159		8607
160		8073
161		7502
162		7110
163		6917
164		6602
165		6277
166		6172
167		6214
168		5883
169		5895
170		5934
171		5947
172		5867
173		5699
174		5586
175		5392
176		5150
177		4978
178		4862
179		4602
180		4365
181		4224
182		3975
183		3858
184		3533
185		3380
186		3109
187		3103
188		3090
189		2965
190		2711
191		2692
192		2678
193		2662
194		2646
195		2539
196		2549
197		2476
198		2374
199		2447
200		2491
201		2491
202		2447
203		2438
204		2407
205		2665
206		2523
207		2643
208		2572
209		2585
210		2692
211		2722
212		2782
213		2840
214		2808
215		2892
216		2966
217		2970
218		3071
219		3144
220		3210
221		3221
222		3223
223		3293
224		3381
225		3456
226		3587
227		3646
228		3740
229		3707
230		3773
231		3997
232		3933
233		4142
234		4218
235		4295
236		4459
237		4771
238		4681
239		4618
240		5032
241		5164
242		5278
243		5474
244		5566
245		5793
246		6050
247		6235
248		6404
249		6685
250		6916
251		7104
252		7338
253		7513
254		7737
255		8040
256		8210
257		8624
258		8577
259		8802
260		8999
261		8964
262		9124
263		9253
264		9466
265		9692
266		10230
267		10907
268		11729
269		13054
270		14488
271		15863
272		17142
273		17972
274		17813
275		17280
276		16026
277		15454
278		14696
279		13465
280		12274
281		10366
282		8153
283		6351
284		4783
285		3430
286		2547
287		2031
288		1562
289		1465
290		1216
291		1128
292		1028
293		899
294		973
295		856
296		833
297		766
298		722
299		675
300		677
301		582
302		559
303		462
304		473
305		435
306		363
307		316
308		264
309		202
310		149
311		134
312		90
313		101
314		80
315		78
316		55
317		49
318		57
319		53
320		55
321		48
322		57
323		55
324		49
325		50
326		47
327		42
328		40
329		45
330		50
331		42
332		45
333		39
334		53
335		40
336		48
337		50
338		40
339		34
340		39
341		40
342		28
343		50
344		30
345		40
346		41
347		40
348		43
349		36
350		46
351		42
352		38
353		29
354		51
355		47
356		46
357		45
358		45
359		32
360		38
361		27
362		38
363		37
364		37
365		31
366		51
367		43
368		37
369		39
370		38
371		39
372		46
373		32
374		50
375		36
376		45
377		39
378		39
379		36
380		34
381		38
382		38
383		32
384		44
385		34
386		41
387		27
388		37
389		44
390		19
391		27
392		43
393		54
394		31
395		47
396		39
397		31
398		47
399		29
400		36
401		47
402		37
403		53
404		42
405		41
406		31
407		47
408		27
409		39
410		33
411		51
412		39
413		26
414		43
415		36
416		34
417		39
418		43
419		40
420		39
421		38
422		49
423		33
424		53
425		36
426		42
427		41
428		36
429		29
430		48
431		37
432		36
433		47
434		48
435		46
436		37
437		45
438		26
439		38
440		38
441		44
442		41
443		32
444		35
445		36
446		41
447		43
448		49
449		41
450		51
451		42
452		35
453		44
454		41
455		36
456		29
457		28
458		44
459		36
460		33
461		29
462		39
463		44
464		34
465		44
466		33
467		33
468		37
469		29
470		38
471		34
472		35
473		34
474		36
475		37
476		28
477		43
478		43
479		35
480		46
481		37
482		33
483		37
484		37
485		29
486		41
487		28
488		37
489		41
490		39
491		36
492		37
493		33
494		39
495		39
496		38
497		43
498		45
499		42
500		41
501		36
502		36
503		32
504		33
505		25
506		31
507		32
508		35
509		30
510		31
511		37
512		28
513		30
514		41
515		38
516		32
517		29
518		32
519		28
520		24
521		32
522		43
523		30
524		36
525		38
526		33
527		23
528		31
529		35
530		30
531		34
532		35
533		20
534		24
535		27
536		30
537		24
538		18
539		19
540		18
541		29
542		20
543		22
544		24
545		24
546		22
547		40
548		28
549		38
550		19
551		20
552		34
553		20
554		25
555		24
556		17
557		24
558		26
559		19
560		20
561		35
562		32
563		17
564		22
565		35
566		16
567		31
568		22
569		21
570		28
571		32
572		26
573		23
574		23
575		31
576		22
577		22
578		25
579		23
580		18
581		22
582		23
583		30
584		18
585		29
586		25
587		23
588		21
589		25
590		20
591		21
592		32
593		15
594		22
595		26
596		21
597		26
598		19
599		15
600		17
601		15
602		29
603		18
604		27
605		19
606		31
607		21
608		18
609		26
610		20
611		26
612		24
613		18
614		24
615		26
616		27
617		26
618		13
619		27
620		26
621		16
622		18
623		18
624		19
625		18
626		16
627		18
628		11
629		18
630		17
631		19
632		30
633		20
634		26
635		24
636		22
637		20
638		26
639		21
640		21
641		16
642		13
643		17
644		24
645		20
646		22
647		22
648		21
649		16
650		23
651		23
652		21
653		17
654		17
655		14
656		22
657		16
658		18
659		18
660		20
661		21
662		23
663		22
664		24
665		17
666		17
667		17
668		22
669		19
670		18
671		16
672		24
673		14
674		26
675		24
676		28
677		23
678		27
679		15
680		21
681		19
682		31
683		18
684		13
685		20
686		17
687		32
688		22
689		13
690		13
691		24
692		21
693		19
694		19
695		18
696		26
697		20
698		22
699		21
700		16
701		22
702		24
703		23
704		17
705		20
706		23
707		14
708		18
709		17
710		29
711		18
712		16
713		20
714		17
715		13
716		27
717		16
718		16
719		17
720		20
721		25
722		23
723		21
724		15
725		19
726		23
727		19
728		20
729		16
730		23
731		23
732		20
733		18
734		20
735		28
736		19
737		17
738		19
739		29
740		19
741		21
742		24
743		25
744		33
745		15
746		18
747		13
748		16
749		15
750		16
751		20
752		16
753		26
754		28
755		17
756		18
757		19
758		23
759		17
760		18
761		18
762		22
763		13
764		32
765		20
766		27
767		14
768		12
769		30
770		27
771		12
772		18
773		19
774		12
775		19
776		16
777		23
778		32
779		19
780		20
781		13
782		22
783		16
784		22
785		22
786		17
787		20
788		15
789		13
790		14
791		26
792		19
793		22
794		14
795		19
796		18
797		18
798		21
799		19
800		26
801		20
802		13
803		16
804		17
805		20
806		17
807		24
808		14
809		16
810		24
811		23
812		14
813		12
814		17
815		24
816		19
817		24
818		20
819		18
820		16
821		19
822		23
823		18
824		21
825		12
826		20
827		15
828		14
829		19
830		22
831		23
832		14
833		14
834		20
835		19
836		13
837		19
838		15
839		13
840		27
841		12
842		15
843		19
844		18
845		27
846		16
847		20
848		23
849		21
850		21
851		22
852		23
853		21
854		22
855		19
856		25
857		20
858		17
859		13
860		16
861		23
862		18
863		17
864		15
865		19
866		15
867		18
868		17
869		16
870		16
871		16
872		18
873		16
874		26
875		24
876		12
877		24
878		14
879		19
880		19
881		17
882		16
883		22
884		14
885		12
886		19
887		14
888		21
889		15
890		18
891		12
892		17
893		20
894		21
895		14
896		17
897		16
898		16
899		14
900		21
901		22
902		23
903		19
904		18
905		15
906		21
907		13
908		16
909		14
910		18
911		16
912		13
913		18
914		15
915		15
916		16
917		15
918		19
919		12
920		19
921		17
922		17
923		15
924		20
925		17
926		13
927		14
928		13
929		22
930		15
931		23
932		21
933		16
934		18
935		20
936		11
937		17
938		12
939		17
940		15
941		14
942		23
943		20
944		11
945		20
946		23
947		14
948		27
949		14
950		21
951		22
952		21
953		19
954		13
955		15
956		12
957		17
958		10
959		12
960		18
961		10
962		21
963		18
964		21
965		16
966		12
967		20
968		11
969		19
970		13
971		16
972		16
973		24
974		26
975		17
976		23
977		18
978		17
979		8
980		15
981		19
982		8
983		11
984		18
985		13
986		15
987		16
988		16
989		20
990		19
991		15
992		9
993		13
994		18
995		12
996		14
997		13
998		17
999		9
1000		20
1001		18
1002		13
1003		14
1004		13
1005		18
1006		23
1007		16
1008		18
1009		22
1010		13
1011		18
1012		15
1013		22
1014		21
1015		12
1016		12
1017		10
1018		19
1019		12
1020		17
1021		17
1022		17
1023		13
1024		17
1025		27
1026		19
1027		19
1028		14
1029		14
1030		12
1031		21
1032		12
1033		16
1034		19
1035		18
1036		17
1037		15
1038		17
1039		23
1040		17
1041		14
1042		21
1043		19
1044		16
1045		17
1046		18
1047		13
1048		11
1049		12
1050		16
1051		21
1052		18
1053		16
1054		16
1055		15
1056		14
1057		11
1058		14
1059		18
1060		20
1061		9
1062		17
1063		11
1064		12
1065		14
1066		22
1067		16
1068		21
1069		19
1070		15
1071		17
1072		13
1073		18
1074		10
1075		14
1076		18
1077		14
1078		15
1079		11
1080		18
1081		17
1082		14
1083		14
1084		17
1085		18
1086		16
1087		14
1088		13
1089		15
1090		21
1091		12
1092		21
1093		15
1094		18
1095		8
1096		12
1097		23
1098		22
1099		19
1100		12
1101		13
1102		13
1103		17
1104		8
1105		12
1106		21
1107		12
1108		14
1109		21
1110		12
1111		16
1112		21
1113		11
1114		17
1115		10
1116		10
1117		12
1118		17
1119		16
1120		16
1121		17
1122		22
1123		12
1124		16
1125		21
1126		23
1127		19
1128		10
1129		13
1130		21
1131		9
1132		18
1133		11
1134		6
1135		10
1136		21
1137		16
1138		24
1139		14
1140		22
1141		14
1142		23
1143		17
1144		19
1145		15
1146		15
1147		24
1148		17
1149		19
1150		14
1151		18
1152		23
1153		13
1154		16
1155		14
1156		12
1157		17
1158		14
1159		13
1160		12
1161		22
1162		11
1163		19
1164		10
1165		16
1166		7
1167		12
1168		14
1169		17
1170		20
1171		10
1172		12
1173		13
1174		12
1175		14
1176		20
1177		16
1178		12
1179		11
1180		20
1181		15
1182		13
1183		14
1184		13
1185		13
1186		13
1187		22
1188		19
1189		9
1190		19
1191		10
1192		19
1193		6
1194		14
1195		15
1196		16
1197		28
1198		18
1199		16
1200		18
1201		16
1202		17
1203		15
1204		13
1205		12
1206		15
1207		15
1208		17
1209		17
1210		16
1211		17
1212		17
1213		17
1214		16
1215		17
1216		14
1217		18
1218		18
1219		9
1220		18
1221		13
1222		22
1223		13
1224		17
1225		21
1226		14
1227		18
1228		18
1229		11
1230		19
1231		13
1232		16
1233		14
1234		17
1235		13
1236		14
1237		23
1238		17
1239		19
1240		18
1241		12
1242		18
1243		11
1244		17
1245		26
1246		15
1247		13
1248		15
1249		14
1250		12
1251		17
1252		11
1253		15
1254		11
1255		15
1256		21
1257		12
1258		13
1259		23
1260		15
1261		15
1262		16
1263		10
1264		17
1265		24
1266		5
1267		20
1268		21
1269		15
1270		14
1271		21
1272		27
1273		22
1274		16
1275		16
1276		21
1277		21
1278		21
1279		13
1280		14
1281		20
1282		13
1283		11
1284		13
1285		17
1286		14
1287		12
1288		18
1289		18
1290		15
1291		18
1292		27
1293		27
1294		21
1295		12
1296		14
1297		13
1298		16
1299		11
1300		19
1301		16
1302		13
1303		18
1304		21
1305		9
1306		22
1307		20
1308		11
1309		22
1310		15
1311		25
1312		10
1313		24
1314		19
1315		35
1316		17
1317		16
1318		15
1319		19
1320		15
1321		23
1322		19
1323		18
1324		20
1325		12
1326		27
1327		21
1328		18
1329		31
1330		13
1331		19
1332		16
1333		14
1334		18
1335		18
1336		16
1337		15
1338		18
1339		12
1340		12
1341		12
1342		15
1343		19
1344		17
1345		25
1346		17
1347		20
1348		18
1349		24
1350		22
1351		20
1352		16
1353		15
1354		24
1355		13
1356		20
1357		18
1358		23
1359		23
1360		22
1361		21
1362		21
1363		23
1364		17
1365		18
1366		20
1367		19
1368		18
1369		16
1370		20
1371		24
1372		18
1373		23
1374		18
1375		22
1376		19
1377		31
1378		22
1379		20
1380		17
1381		20
1382		25
1383		21
1384		15
1385		22
1386		24
1387		21
1388		19
1389		25
1390		20
1391		20
1392		12
1393		22
1394		23
1395		22
1396		18
1397		28
1398		22
1399		21
1400		21
1401		18
1402		14
1403		23
1404		23
1405		16
1406		25
1407		25
1408		19
1409		24
1410		21
1411		15
1412		24
1413		14
1414		18
1415		19
1416		18
1417		21
1418		17
1419		20
1420		17
1421		14
1422		18
1423		24
1424		16
1425		26
1426		24
1427		17
1428		20
1429		20
1430		21
1431		23
1432		20
1433		17
1434		23
1435		15
1436		21
1437		19
1438		21
1439		22
1440		24
1441		18
1442		13
1443		21
1444		26
1445		24
1446		19
1447		21
1448		21
1449		17
1450		19
1451		23
1452		30
1453		22
1454		19
1455		18
1456		21
1457		15
1458		8
1459		22
1460		27
1461		16
1462		18
1463		20
1464		30
1465		21
1466		14
1467		23
1468		21
1469		24
1470		17
1471		26
1472		26
1473		25
1474		18
1475		23
1476		22
1477		21
1478		25
1479		19
1480		22
1481		29
1482		23
1483		20
1484		27
1485		31
1486		25
1487		21
1488		20
1489		18
1490		18
1491		35
1492		18
1493		22
1494		31
1495		25
1496		25
1497		19
1498		26
1499		24
1500		25
1501		27
1502		16
1503		24
1504		20
1505		17
1506		28
1507		27
1508		23
1509		24
1510		18
1511		25
1512		24
1513		20
1514		28
1515		20
1516		24
1517		21
1518		28
1519		21
1520		22
1521		20
1522		25
1523		21
1524		22
1525		24
1526		26
1527		25
1528		23
1529		23
1530		25
1531		28
1532		28
1533		36
1534		31
1535		24
1536		27
1537		26
1538		30
1539		28
1540		31
1541		29
1542		32
1543		32
1544		23
1545		28
1546		30
1547		30
1548		24
1549		24
1550		21
1551		20
1552		36
1553		33
1554		33
1555		30
1556		19
1557		16
1558		24
1559		30
1560		21
1561		29
1562		30
1563		27
1564		27
1565		36
1566		43
1567		25
1568		21
1569		20
1570		30
1571		34
1572		31
1573		31
1574		24
1575		28
1576		25
1577		26
1578		24
1579		26
1580		32
1581		37
1582		34
1583		24
1584		32
1585		41
1586		22
1587		34
1588		20
1589		28
1590		26
1591		31
1592		32
1593		39
1594		24
1595		24
1596		36
1597		35
1598		29
1599		25
1600		44
1601		22
1602		30
1603		35
1604		30
1605		23
1606		27
1607		38
1608		31
1609		31
1610		21
1611		35
1612		37
1613		36
1614		36
1615		36
1616		20
1617		25
1618		39
1619		44
1620		34
1621		30
1622		25
1623		34
1624		33
1625		25
1626		23
1627		38
1628		36
1629		26
1630		29
1631		35
1632		42
1633		25
1634		40
1635		32
1636		39
1637		29
1638		29
1639		28
1640		38
1641		31
1642		38
1643		25
1644		28
1645		27
1646		33
1647		34
1648		37
1649		37
1650		37
1651		31
1652		32
1653		35
1654		30
1655		31
1656		43
1657		34
1658		40
1659		36
1660		35
1661		42
1662		32
1663		31
1664		38
1665		32
1666		30
1667		35
1668		34
1669		33
1670		35
1671		23
1672		26
1673		36
1674		28
1675		35
1676		22
1677		34
1678		34
1679		30
1680		31
1681		22
1682		33
1683		35
1684		40
1685		36
1686		24
1687		27
1688		35
1689		29
1690		30
1691		31
1692		28
1693		25
1694		31
1695		26
1696		35
1697		39
1698		28
1699		25
1700		39
1701		29
1702		23
1703		34
1704		29
1705		32
1706		32
1707		19
1708		28
1709		23
1710		41
1711		28
1712		30
1713		24
1714		23
1715		24
1716		35
1717		25
1718		29
1719		29
1720		18
1721		26
1722		35
1723		28
1724		27
1725		21
1726		21
1727		25
1728		25
1729		25
1730		28
1731		43
1732		24
1733		22
1734		25
1735		23
1736		30
1737		30
1738		21
1739		32
1740		29
1741		24
1742		21
1743		23
1744		22
1745		34
1746		23
1747		36
1748		35
1749		26
1750		27
1751		25
1752		22
1753		32
1754		23
1755		24
1756		19
1757		29
1758		19
1759		22
1760		28
1761		25
1762		31
1763		31
1764		20
1765		31
1766		22
1767		23
1768		18
1769		24
1770		16
1771		17
1772		21
1773		25
1774		21
1775		20
1776		17
1777		28
1778		23
1779		27
1780		23
1781		20
1782		21
1783		15
1784		22
1785		24
1786		22
1787		27
1788		19
1789		18
1790		27
1791		26
1792		23
1793		22
1794		22
1795		16
1796		21
1797		26
1798		20
1799		22
1800		23
1801		22
1802		20
1803		25
1804		19
1805		22
1806		21
1807		22
1808		31
1809		12
1810		19
1811		24
1812		26
1813		27
1814		22
1815		17
1816		14
1817		21
1818		23
1819		27
1820		26
1821		12
1822		19
1823		23
1824		18
1825		26
1826		15
1827		13
1828		27
1829		17
1830		12
1831		21
1832		23
1833		27
1834		22
1835		18
1836		9
1837		20
1838		20
1839		15
1840		17
1841		18
1842		14
1843		18
1844		14
1845		20
1846		22
1847		17
1848		22
1849		27
1850		12
1851		20
1852		27
1853		13
1854		13
1855		15
1856		19
1857		20
1858		18
1859		10
1860		19
1861		12
1862		14
1863		18
1864		10
1865		12
1866		19
1867		19
1868		25
1869		17
1870		16
1871		17
1872		14
1873		13
1874		23
1875		17
1876		14
1877		24
1878		18
1879		19
1880		20
1881		16
1882		13
1883		15
1884		12
1885		16
1886		13
1887		16
1888		13
1889		21
1890		13
1891		11
1892		13
1893		9
1894		12
1895		17
1896		16
1897		12
1898		15
1899		18
1900		18
1901		15
1902		15
1903		20
1904		12
1905		15
1906		18
1907		21
1908		15
1909		5
1910		22
1911		17
1912		19
1913		12
1914		13
1915		12
1916		20
1917		14
1918		19
1919		14
1920		11
1921		16
1922		12
1923		8
1924		16
1925		14
1926		10
1927		11
1928		9
1929		13
1930		14
1931		13
1932		18
1933		14
1934		18
1935		12
1936		12
1937		7
1938		15
1939		21
1940		20
1941		10
1942		12
1943		12
1944		18
1945		13
1946		10
1947		15
1948		12
1949		17
1950		11
1951		15
1952		15
1953		10
1954		14
1955		13
1956		12
1957		11
1958		17
1959		15
1960		13
1961		13
1962		16
1963		14
1964		15
1965		11
1966		8
1967		17
1968		8
1969		10
1970		16
1971		14
1972		10
1973		14
1974		14
1975		10
1976		10
1977		9
1978		11
1979		10
1980		12
1981		6
1982		13
1983		14
1984		11
1985		13
1986		12
1987		15
1988		8
1989		11
1990		11
1991		11
1992		9
1993		12
1994		16
1995		16
1996		14
1997		7
1998		14
1999		8
2000		13
2001		10
2002		16
2003		21
2004		10
2005		17
2006		14
2007		9
2008		13
2009		14
2010		8
2011		10
2012		10
2013		7
2014		10
2015		11
2016		11
2017		14
2018		12
2019		9
2020		12
2021		5
2022		6
2023		9
2024		9
2025		13
2026		5
2027		16
2028		12
2029		14
2030		10
2031		9
2032		13
2033		8
2034		10
2035		9
2036		12
2037		9
2038		8
2039		12
2040		15
2041		10
2042		17
2043		13
2044		6
2045		13
2046		17
2047		17
