Channel		Counts
0		0
1		0
2		0
3		0
4		0
5		0
6		0
7		0
8		0
9		0
10		0
11		0
12		0
13		1
14		0
15		0
16		4
17		2500
18		3256
19		3520
20		3535
21		3800
22		4162
23		4372
24		4823
25		5256
26		5254
27		5064
28		4595
29		4382
30		4171
31		3954
32		3808
33		3504
34		3501
35		3267
36		3093
37		3106
38		3057
39		2980
40		3039
41		2975
42		3055
43		3031
44		3196
45		3032
46		3088
47		3142
48		3208
49		3059
50		3228
51		3065
52		3103
53		3255
54		3168
55		3138
56		3050
57		3170
58		3183
59		3173
60		3260
61		3062
62		3169
63		3265
64		3230
65		3177
66		3211
67		3331
68		3281
69		3381
70		3417
71		3613
72		3820
73		3863
74		4023
75		4229
76		4259
77		4238
78		4269
79		4389
80		4319
81		4264
82		4246
83		4325
84		4201
85		4238
86		4309
87		4346
88		4278
89		4153
90		4130
91		4283
92		4244
93		4220
94		4025
95		4112
96		4076
97		4119
98		3999
99		3986
100		3864
101		3959
102		3928
103		3876
104		3816
105		3584
106		3636
107		3735
108		3696
109		3584
110		3594
111		3456
112		3544
113		3473
114		3457
115		3570
116		3286
117		3370
118		3202
119		3182
120		3231
121		3296
122		3147
123		3174
124		3213
125		3168
126		3182
127		3122
128		3164
129		3121
130		3057
131		3147
132		3045
133		3027
134		3077
135		3025
136		3047
137		2927
138		3003
139		2984
140		2985
141		2957
142		2981
143		3022
144		2921
145		3028
146		2927
147		2886
148		3006
149		2991
150		2912
151		2970
152		2984
153		2998
154		2964
155		2979
156		3053
157		3152
158		2990
159		3155
160		3024
161		3061
162		3092
163		3163
164		3149
165		3027
166		3150
167		3068
168		3145
169		3213
170		3078
171		3152
172		3222
173		3107
174		3137
175		3070
176		2998
177		2959
178		2917
179		2809
180		2709
181		2615
182		2418
183		2155
184		2098
185		1975
186		1883
187		1648
188		1501
189		1442
190		1316
191		1214
192		1168
193		1048
194		967
195		903
196		852
197		833
198		821
199		678
200		708
201		605
202		596
203		570
204		544
205		547
206		498
207		480
208		417
209		459
210		422
211		426
212		409
213		400
214		384
215		378
216		386
217		405
218		360
219		399
220		445
221		420
222		441
223		487
224		519
225		501
226		581
227		635
228		670
229		812
230		993
231		1050
232		1331
233		1565
234		1946
235		2266
236		2802
237		3511
238		4159
239		5055
240		6021
241		7007
242		8209
243		9461
244		10523
245		11694
246		12817
247		13723
248		14268
249		14970
250		15174
251		15050
252		14452
253		13723
254		12647
255		11721
256		10290
257		9229
258		7961
259		6571
260		5463
261		4630
262		3561
263		2934
264		2379
265		1858
266		1600
267		1242
268		977
269		794
270		710
271		607
272		465
273		410
274		337
275		325
276		274
277		172
278		140
279		139
280		131
281		106
282		97
283		73
284		58
285		50
286		36
287		30
288		38
289		33
290		27
291		31
292		34
293		21
294		30
295		27
296		37
297		28
298		27
299		28
300		25
301		21
302		28
303		30
304		26
305		31
306		22
307		22
308		31
309		26
310		32
311		26
312		22
313		25
314		29
315		25
316		25
317		34
318		22
319		28
320		13
321		20
322		30
323		27
324		38
325		30
326		24
327		30
328		23
329		19
330		17
331		24
332		24
333		22
334		26
335		22
336		19
337		16
338		19
339		17
340		19
341		27
342		18
343		18
344		24
345		22
346		20
347		22
348		13
349		24
350		15
351		11
352		15
353		26
354		16
355		19
356		21
357		18
358		19
359		25
360		20
361		18
362		17
363		8
364		28
365		23
366		12
367		18
368		14
369		19
370		16
371		29
372		17
373		27
374		21
375		15
376		19
377		24
378		18
379		19
380		17
381		20
382		11
383		17
384		15
385		15
386		18
387		20
388		14
389		13
390		13
391		20
392		8
393		20
394		14
395		19
396		11
397		9
398		10
399		20
400		15
401		16
402		19
403		16
404		11
405		14
406		20
407		12
408		18
409		17
410		6
411		14
412		13
413		15
414		13
415		13
416		9
417		6
418		11
419		8
420		12
421		12
422		14
423		10
424		15
425		9
426		11
427		9
428		14
429		12
430		12
431		13
432		14
433		13
434		9
435		9
436		6
437		8
438		10
439		12
440		5
441		6
442		11
443		13
444		8
445		10
446		12
447		9
448		14
449		13
450		11
451		9
452		11
453		13
454		16
455		13
456		14
457		18
458		22
459		15
460		12
461		16
462		11
463		17
464		12
465		24
466		27
467		16
468		15
469		18
470		16
471		10
472		13
473		18
474		18
475		10
476		10
477		14
478		7
479		12
480		7
481		10
482		9
483		6
484		7
485		10
486		11
487		7
488		9
489		8
490		8
491		6
492		2
493		10
494		2
495		8
496		11
497		5
498		3
499		5
500		4
501		2
502		11
503		6
504		2
505		3
506		7
507		2
508		2
509		5
510		4
511		7
512		1
513		1
514		9
515		3
516		7
517		2
518		5
519		6
520		3
521		5
522		4
523		1
524		1
525		2
526		6
527		1
528		4
529		9
530		5
531		1
532		6
533		10
534		7
535		7
536		4
537		3
538		7
539		2
540		7
541		2
542		4
543		7
544		2
545		6
546		2
547		2
548		4
549		4
550		2
551		2
552		1
553		1
554		3
555		3
556		2
557		2
558		2
559		3
560		2
561		4
562		2
563		4
564		2
565		3
566		0
567		1
568		4
569		1
570		3
571		1
572		2
573		5
574		2
575		2
576		2
577		4
578		2
579		1
580		3
581		3
582		2
583		3
584		2
585		2
586		3
587		3
588		3
589		5
590		2
591		3
592		2
593		1
594		2
595		2
596		1
597		1
598		1
599		3
600		4
601		1
602		3
603		1
604		1
605		1
606		3
607		1
608		0
609		6
610		5
611		3
612		4
613		5
614		0
615		2
616		3
617		4
618		3
619		4
620		1
621		3
622		4
623		0
624		1
625		0
626		1
627		3
628		3
629		0
630		1
631		4
632		5
633		3
634		6
635		3
636		2
637		0
638		1
639		2
640		2
641		4
642		0
643		1
644		4
645		2
646		2
647		1
648		1
649		1
650		0
651		2
652		1
653		4
654		1
655		1
656		2
657		1
658		2
659		1
660		3
661		1
662		1
663		0
664		3
665		0
666		1
667		1
668		3
669		1
670		2
671		1
672		1
673		0
674		2
675		0
676		2
677		2
678		4
679		2
680		2
681		1
682		2
683		1
684		1
685		2
686		2
687		1
688		0
689		0
690		2
691		1
692		1
693		2
694		0
695		1
696		0
697		1
698		1
699		0
700		1
701		0
702		0
703		0
704		0
705		0
706		0
707		2
708		1
709		0
710		0
711		0
712		0
713		0
714		0
715		0
716		0
717		0
718		0
719		0
720		1
721		0
722		1
723		0
724		0
725		0
726		1
727		0
728		0
729		0
730		0
731		0
732		0
733		0
734		1
735		0
736		0
737		0
738		0
739		0
740		0
741		0
742		3
743		0
744		0
745		0
746		0
747		0
748		0
749		0
750		0
751		0
752		1
753		1
754		0
755		0
756		0
757		0
758		1
759		0
760		0
761		0
762		0
763		2
764		0
765		1
766		0
767		0
768		0
769		0
770		0
771		0
772		0
773		0
774		0
775		0
776		0
777		0
778		0
779		0
780		0
781		0
782		0
783		0
784		0
785		2
786		0
787		2
788		0
789		1
790		0
791		0
792		0
793		0
794		0
795		0
796		0
797		0
798		0
799		0
800		0
801		0
802		0
803		0
804		0
805		0
806		0
807		0
808		0
809		0
810		0
811		0
812		0
813		0
814		0
815		0
816		0
817		0
818		0
819		0
820		0
821		0
822		0
823		0
824		0
825		0
826		0
827		0
828		0
829		0
830		0
831		0
832		0
833		0
834		0
835		0
836		0
837		0
838		0
839		0
840		1
841		1
842		0
843		0
844		0
845		0
846		0
847		0
848		0
849		1
850		1
851		0
852		0
853		0
854		1
855		0
856		0
857		0
858		1
859		0
860		1
861		2
862		0
863		0
864		0
865		0
866		0
867		1
868		0
869		0
870		0
871		0
872		1
873		1
874		0
875		0
876		0
877		0
878		0
879		0
880		1
881		0
882		0
883		0
884		0
885		0
886		0
887		1
888		0
889		0
890		0
891		0
892		0
893		0
894		0
895		0
896		0
897		0
898		0
899		0
900		0
901		0
902		0
903		0
904		0
905		0
906		0
907		0
908		0
909		0
910		0
911		0
912		1
913		1
914		0
915		1
916		0
917		0
918		0
919		0
920		0
921		0
922		1
923		1
924		0
925		0
926		0
927		0
928		1
929		1
930		0
931		0
932		0
933		0
934		0
935		0
936		0
937		1
938		0
939		0
940		0
941		0
942		0
943		0
944		0
945		0
946		0
947		0
948		0
949		0
950		0
951		0
952		0
953		1
954		0
955		0
956		0
957		0
958		0
959		1
960		0
961		0
962		1
963		0
964		0
965		0
966		1
967		0
968		0
969		1
970		0
971		0
972		0
973		0
974		0
975		1
976		0
977		0
978		0
979		0
980		0
981		1
982		0
983		0
984		1
985		0
986		0
987		0
988		0
989		0
990		0
991		0
992		0
993		0
994		0
995		0
996		0
997		0
998		0
999		0
1000		0
1001		0
1002		0
1003		0
1004		0
1005		0
1006		0
1007		1
1008		1
1009		0
1010		0
1011		0
1012		0
1013		0
1014		0
1015		0
1016		1
1017		0
1018		0
1019		0
1020		0
1021		1
1022		0
1023		0
